 Date : 11/17/15    Vehical : BATTA  Saw    By User : asiri
No|Item|Weight|Price|UPC|BSC|BSP|RDR|LDC|LDP|ULC|ULP|RDC|RDP|BilP|Excs|Shrt
1|Ajinomoto 5g - 05/01/2015|  0.010|    6.88| 60|0|60|0|0|0|0|60|0|0|0|0|0
2|Ajinomoto Box - 05/01/2015|  0.020|   17.00|300|0|5|0|0|0|0|5|0|0|0|0|0
3|Rocy 425 - 06/24/2015|  0.430|  165.60| 24|0|9|0|0|0|0|9|0|0|0|0|0
4|Plaza 155 - 06/24/2015|  0.160|   64.40|100|0|18|0|0|0|0|18|0|0|0|0|0
5|Plaza 230 - 06/24/2015|  0.230|  115.00| 48|0|24|0|0|0|0|24|0|0|0|0|0
6|Mr Pop classic 12g - 05/01/2015|  0.010|   26.88| 64|0|15|0|0|0|0|15|0|0|0|0|0
7|Mr Pop Cheezy Curlz - 05/01/2015|  0.010|    8.96| 40|0|40|0|0|0|0|40|0|0|0|0|0
8|Mr Pop Onion Rings - 05/01/2015|  0.010|    8.96| 40|0|120|0|0|0|0|120|0|0|0|0|0
9|Mr Pop Classic 35 - 05/01/2015|  0.040|   44.80| 12|0|37|0|0|0|0|37|0|0|14|14|0
10|Soya Meat Curry 50g - 02/12/2014|  0.050|   21.50| 50|0|6|0|0|0|0|6|0|0|0|0|0
11|Soya Meat chicken 50g - 02/12/2014|  0.050|   21.50| 50|0|9|0|0|0|0|9|0|0|0|0|0
12|Soya Meat Cuttie Fish - 02/12/2014|  0.050|   21.50| 50|0|3|0|0|0|0|3|0|0|0|0|0
13|Soya Meat Prawn - 12/22/2014|  0.050|   21.50| 50|0|13|0|0|0|0|13|0|0|0|0|0
14|Venilla - 12/22/2014|  0.030|   72.00| 24|0|3|0|0|0|0|3|0|0|0|0|0
15|RichLife Strawberry 180 - 05/01/2015|  0.180|   40.50| 48|0|6|0|0|0|0|6|0|0|0|0|0
16|Richlife Venila 180 - 05/01/2015|  0.180|   40.50| 48|0|2|0|0|0|0|2|0|0|0|0|0
17|Richlife Chocolat 180 - 05/01/2015|  0.180|   40.50| 48|0|4|0|0|0|0|4|0|0|0|0|0
18|Sun Gold - Orenge 23g - 01/06/2015|  0.020|   13.50|576|0|6|0|0|0|0|6|0|0|13|13|0
19|Sun Gold - Orange 150g - 01/06/2015|  0.150|   76.50| 72|0|3|0|0|0|0|3|0|0|0|0|0
20|Sun Gold Mango 23g - 01/06/2015|  0.020|   13.50|576|0|12|0|0|0|0|12|0|0|0|0|0
 
|Sales Value   :             802.70 /=|Sales Tonnage :               0.820 kg
|Stock Value   :       1,701,087.67 /=|Stock Tonnage :           3,827.249 kg
